    blobs_00.frame
0                0
1               15
2               30
3               45
4               60
5               75
6               90
7              105
8              120
9              135
10             150
11             165
12             180
13             195
14             210
15             225
16             240
17             255
18             270
19             285
20             300
21             315
22             330
23             345
24             360
25             375
26             390
27             405
28             420
29             435
30             450
31             465
32             480
33             495
34             510
35             525
36             540
37             555
38             570
39             585
40             600
41             615
42             630
43             645
44             660
45             675
46             690
47             705
48             720
49             735
50             750
51             765
52             780
53             795
54             810
55             825
56             840
57             855
58             870
59             885
60             900
61             915
62             930
63             945
64             960
65             975
66             990
67            1005
68            1020
69            1035
70            1050
71            1065
72            1080
73            1095
74            1110
75            1125
76            1140
77            1155
78            1170
79            1185
80            1200
81            1215
82            1230
83            1245
84            1260
85            1275
86            1290
87            1305
88            1320
89            1335
90            1350
91            1365
92            1380
93            1395
94            1410
95            1425
96            1440
97            1455
98            1470
99            1485
------------------
     0     1        2       3        4        5    6       7
0  car  0.79  1572.98  605.22  1891.13   723.18  0.0   270.0
0  car  0.95  1425.64  599.94  1719.86   714.18  0.0   285.0
0  car  0.88  1266.71  587.78  1570.67   691.95  0.0   300.0
0  car  0.87  1119.48  589.80  1398.55   687.68  0.0   315.0
0  car  0.92   979.55  573.99  1237.04   673.30  0.0   330.0
0  car  0.84   852.15  582.54  1085.16   676.62  0.0   345.0
0  car  0.92   306.22  935.63   943.09  1077.12  0.0   630.0
0  car  0.99   474.43  887.33  1038.58  1071.46  0.0   645.0
0  car  0.99   561.80  849.02  1131.99  1070.17  0.0   660.0
0  car  0.99   655.43  831.98  1172.76  1077.12  0.0   675.0
0  car  0.99   713.61  817.42  1192.90  1071.15  0.0   690.0
0  car  1.00   742.44  817.81  1205.77  1067.26  0.0   705.0
0  car  0.99   732.10  806.24  1228.81  1076.00  0.0   720.0
0  car  0.99   738.60  810.35  1226.05  1069.77  0.0   735.0
0  car  1.00   748.39  809.35  1230.47  1076.84  0.0   750.0
0  car  1.00   750.03  811.78  1229.14  1065.72  0.0   765.0
0  car  0.99   743.13  808.38  1224.02  1069.54  0.0   780.0
0  car  0.99   756.25  816.89  1215.71  1057.39  0.0   795.0
0  car  0.99   741.42  803.71  1229.99  1077.12  0.0   810.0
0  car  0.99   739.44  818.90  1207.68  1057.84  0.0   825.0
0  car  0.99   759.31  809.99  1236.58  1065.34  0.0   840.0
0  car  1.00   768.63  801.22  1248.11  1070.96  0.0   855.0
0  car  0.99   809.30  793.48  1246.59  1068.07  0.0   870.0
0  car  0.99   842.83  769.50  1293.49  1054.06  0.0   885.0
0  car  0.99   918.75  763.69  1306.63  1019.35  0.0   900.0
0  car  0.99   992.47  739.09  1345.19   978.32  0.0   915.0
0  car  0.99  1060.57  693.69  1378.84   946.27  0.0   930.0
0  car  0.96  1114.84  686.22  1401.99   884.82  0.0   945.0
0  car  0.86  1167.32  642.93  1374.62   862.30  0.0   960.0
0  car  0.57  1187.58  626.49  1371.47   810.02  0.0   975.0
0  car  0.58  1176.40  614.72  1352.13   780.00  0.0   990.0
0  car  0.77  1110.85  598.88  1329.01   743.46  0.0  1005.0
0  car  0.96  1046.45  585.70  1259.53   723.59  0.0  1020.0
0  car  0.98   992.97  576.30  1208.83   705.70  0.0  1035.0
0  car  0.97   918.91  577.54  1105.65   682.56  0.0  1050.0
     blobs_00.frame
100            1500
101            1515
102            1530
103            1545
104            1560
105            1575
106            1590
107            1605
108            1620
109            1635
110            1650
111            1665
112            1680
113            1695
114            1710
115            1725
116            1740
117            1755
118            1770
119            1785
120            1800
121            1815
122            1830
123            1845
124            1860
125            1875
126            1890
127            1905
128            1920
129            1935
130            1950
131            1965
132            1980
133            1995
134            2010
135            2025
136            2040
137            2055
138            2070
139            2085
140            2100
141            2115
142            2130
143            2145
144            2160
145            2175
146            2190
147            2205
148            2220
149            2235
150            2250
151            2265
152            2280
153            2295
154            2310
155            2325
156            2340
157            2355
158            2370
159            2385
160            2400
161            2415
162            2430
163            2445
164            2460
165            2475
166            2490
167            2505
168            2520
169            2535
170            2550
171            2565
172            2580
173            2595
174            2610
175            2625
176            2640
177            2655
178            2670
179            2685
180            2700
181            2715
182            2730
183            2745
184            2760
185            2775
186            2790
187            2805
188            2820
189            2835
190            2850
191            2865
192            2880
193            2895
194            2910
195            2925
196            2940
197            2955
198            2970
199            2985
------------------
     0     1        2        3        4        5    6       7
0  car  0.03   381.20   958.30  1024.73  1077.12  0.0  1575.0
0  car  0.98   594.84   884.91  1277.36  1076.50  0.0  1590.0
0  car  0.99   795.11   782.56  1456.59  1077.12  0.0  1605.0
0  car  0.99  1074.54   719.82  1567.07  1048.03  0.0  1620.0
0  car  0.99  1284.76   671.76  1638.08   938.73  0.0  1635.0
0  car  0.99  1408.80   608.70  1705.30   862.74  0.0  1650.0
0  car  0.99  1505.90   591.78  1708.76   773.81  0.0  1665.0
0  car  0.99  1557.87   558.27  1730.64   729.94  0.0  1680.0
1  car  0.92  1316.09   521.62  1470.90   629.76  1.0  1680.0
0  car  0.98  1590.70   550.86  1770.31   690.26  0.0  1695.0
1  car  0.97  1271.32   527.20  1433.51   642.43  1.0  1695.0
0  car  0.97  1627.35   537.01  1769.85   661.79  0.0  1710.0
1  car  0.97  1205.65   544.91  1410.95   654.21  1.0  1710.0
0  car  0.97  1645.55   527.50  1782.69   637.38  0.0  1725.0
1  car  0.97  1164.20   551.58  1352.30   679.73  1.0  1725.0
0  car  0.97  1063.90   561.53  1289.52   705.17  0.0  1740.0
0  car  0.99   965.97   589.70  1247.31   751.23  0.0  1755.0
0  car  0.99   846.32   616.82  1136.36   781.88  0.0  1770.0
0  car  0.48   807.08   937.06  1356.54  1077.12  0.0  1815.0
0  car  0.99  1076.16   794.31  1513.31  1071.94  0.0  1830.0
0  car  0.99  1295.63   691.89  1600.27   956.94  0.0  1845.0
0  car  0.95  1415.18   640.87  1654.43   860.11  0.0  1860.0
0  car  0.95  1485.07   599.37  1670.19   774.39  0.0  1875.0
0  car  0.91  1549.64   571.23  1697.76   724.29  0.0  1890.0
0  car  0.92  1583.53   541.06  1736.03   689.46  0.0  1905.0
0  car  0.93  1617.72   543.73  1737.21   652.68  0.0  1920.0
0  car  0.00   713.22  1009.79  1277.11  1077.12  0.0  1950.0
0  car  0.98   861.70   929.34  1437.52  1077.12  0.0  1965.0
0  car  0.99  1021.47   857.44  1519.36  1077.12  0.0  1980.0
0  car  1.00  1086.57   838.31  1575.99  1077.12  0.0  1995.0
0  car  0.99  1130.06   817.86  1590.34  1077.12  0.0  2010.0
0  car  1.00  1139.90   820.89  1592.18  1077.12  0.0  2025.0
0  car  1.00  1144.31   821.11  1590.52  1077.12  0.0  2040.0
0  car  1.00  1136.65   818.78  1594.77  1077.12  0.0  2055.0
0  car  0.99  1139.92   819.15  1594.14  1077.12  0.0  2070.0
0  car  0.99  1148.50   813.70  1596.69  1077.12  0.0  2085.0
0  car  0.99  1144.78   818.41  1600.36  1077.12  0.0  2100.0
0  car  0.99  1146.02   817.05  1599.91  1077.12  0.0  2115.0
0  car  1.00  1141.11   814.89  1597.43  1077.12  0.0  2130.0
0  car  0.99  1149.18   814.08  1603.67  1077.12  0.0  2145.0
0  car  0.99  1144.78   815.76  1604.27  1077.12  0.0  2160.0
0  car  0.99  1154.08   817.09  1587.68  1077.12  0.0  2175.0
0  car  0.99  1151.26   819.88  1576.12  1077.12  0.0  2190.0
0  car  0.99  1149.88   821.85  1576.82  1077.12  0.0  2205.0
0  car  0.99  1149.70   822.57  1574.24  1077.12  0.0  2220.0
0  car  0.99  1144.03   813.83  1600.03  1077.12  0.0  2235.0
0  car  0.99  1146.93   812.50  1601.70  1077.12  0.0  2250.0
0  car  0.99  1135.16   813.25  1601.08  1077.12  0.0  2265.0
0  car  0.99  1133.74   814.78  1595.99  1077.12  0.0  2280.0
1  car  0.99   347.89   900.31  1013.60  1072.57  1.0  2280.0
0  car  0.99  1137.27   817.14  1597.98  1077.12  0.0  2295.0
1  car  0.99   447.23   852.46  1072.83  1064.36  1.0  2295.0
0  car  0.99  1129.61   818.41  1598.65  1077.12  0.0  2310.0
1  car  0.99   500.14   853.35  1120.50  1067.09  1.0  2310.0
0  car  0.99  1125.30   823.59  1602.27  1077.12  0.0  2325.0
1  car  0.99   561.24   841.20  1148.79  1066.74  1.0  2325.0
0  car  0.99  1114.29   823.28  1606.12  1077.12  0.0  2340.0
1  car  0.99   550.80   839.17  1151.92  1067.49  1.0  2340.0
0  car  0.99  1113.54   823.77  1605.56  1077.12  0.0  2355.0
1  car  1.00   551.09   838.88  1155.80  1067.57  1.0  2355.0
0  car  0.99  1112.84   823.94  1603.96  1077.12  0.0  2370.0
1  car  0.99   550.07   830.21  1157.87  1077.12  1.0  2370.0
0  car  0.99  1114.24   818.08  1602.18  1077.12  0.0  2385.0
1  car  1.00   545.97   829.87  1154.65  1077.12  1.0  2385.0
0  car  0.99  1115.22   818.35  1602.18  1077.12  0.0  2400.0
1  car  1.00   545.29   829.62  1152.62  1077.12  1.0  2400.0
0  car  0.99  1118.28   818.09  1601.70  1077.12  0.0  2415.0
1  car  1.00   547.42   830.23  1149.51  1077.12  1.0  2415.0
0  car  0.99  1118.20   818.26  1603.46  1077.12  0.0  2430.0
1  car  1.00   548.52   829.86  1149.97  1077.12  1.0  2430.0
0  car  0.99  1118.36   817.05  1599.06  1077.12  0.0  2445.0
1  car  1.00   549.28   831.05  1149.09  1077.12  1.0  2445.0
0  car  0.99  1117.98   815.41  1599.09  1077.12  0.0  2460.0
1  car  1.00   549.62   837.05  1151.23  1068.26  1.0  2460.0
0  car  0.99  1119.71   815.52  1599.91  1077.12  0.0  2475.0
1  car  1.00   551.26   837.68  1150.39  1068.74  1.0  2475.0
0  car  0.99  1118.46   816.13  1600.56  1077.12  0.0  2490.0
1  car  1.00   551.34   837.64  1151.10  1068.55  1.0  2490.0
0  car  0.99  1118.51   816.46  1601.93  1077.12  0.0  2505.0
1  car  1.00   554.23   838.01  1149.35  1068.64  1.0  2505.0
0  car  0.99  1119.06   816.50  1602.75  1077.12  0.0  2520.0
1  car  1.00   552.78   838.97  1150.34  1068.71  1.0  2520.0
0  car  0.99  1118.23   816.83  1600.33  1077.12  0.0  2535.0
1  car  1.00   549.33   832.26  1148.74  1077.12  1.0  2535.0
0  car  0.99  1115.54   818.25  1601.05  1077.12  0.0  2550.0
1  car  1.00   551.20   829.10  1151.85  1077.12  1.0  2550.0
0  car  0.99  1114.45   820.01  1600.69  1077.12  0.0  2565.0
1  car  1.00   551.90   828.33  1151.78  1077.12  1.0  2565.0
0  car  0.99  1113.37   820.75  1601.04  1077.12  0.0  2580.0
1  car  1.00   551.76   829.53  1148.85  1077.12  1.0  2580.0
0  car  0.99  1113.00   820.38  1604.99  1077.12  0.0  2595.0
1  car  1.00   545.17   834.64  1146.94  1077.12  1.0  2595.0
0  car  0.99  1112.23   821.16  1604.34  1077.12  0.0  2610.0
1  car  1.00   544.08   834.14  1146.02  1077.12  1.0  2610.0
0  car  0.99  1112.56   821.48  1601.53  1077.12  0.0  2625.0
1  car  1.00   552.30   832.57  1148.21  1077.12  1.0  2625.0
0  car  0.99  1125.10   820.60  1596.37  1077.12  0.0  2640.0
1  car  1.00   550.84   832.51  1144.70  1077.12  1.0  2640.0
0  car  0.99  1127.54   821.48  1596.45  1077.12  0.0  2655.0
1  car  1.00   551.02   840.31  1147.22  1069.28  1.0  2655.0
0  car  0.99  1122.65   822.14  1600.67  1077.12  0.0  2670.0
1  car  1.00   548.57   834.62  1145.55  1077.12  1.0  2670.0
0  car  0.99  1134.85   819.22  1601.38  1077.12  0.0  2685.0
1  car  1.00   555.39   832.45  1140.74  1077.12  1.0  2685.0
0  car  0.99  1159.46   804.57  1610.56  1077.12  0.0  2700.0
1  car  1.00   570.01   831.48  1147.88  1077.12  1.0  2700.0
0  car  0.99  1206.71   794.79  1623.70  1075.82  0.0  2715.0
1  car  1.00   589.47   829.74  1146.48  1075.66  1.0  2715.0
0  car  0.99  1271.59   758.20  1641.33  1063.34  0.0  2730.0
1  car  1.00   618.99   836.40  1162.03  1072.80  1.0  2730.0
0  car  0.97  1315.24   748.04  1667.07  1032.34  0.0  2745.0
1  car  0.99   647.07   826.77  1189.65  1069.66  1.0  2745.0
2  car  0.05  1061.34  1019.71  1389.01  1077.12  2.0  2745.0
0  car  0.95  1375.02   729.58  1700.72   992.24  0.0  2760.0
1  car  0.99   678.42   814.41  1217.40  1067.34  1.0  2760.0
2  car  0.91  1422.88   531.02  1580.80   628.53  2.0  2760.0
3  car  0.33  1042.96   987.41  1442.43  1077.12  3.0  2760.0
0  car  0.97  1441.73   707.67  1740.97   940.48  0.0  2775.0
1  car  0.99   707.18   796.22  1231.77  1067.86  1.0  2775.0
2  car  0.46  1076.22   917.86  1543.58  1077.12  2.0  2775.0
3  car  0.96  1374.41   537.58  1564.57   659.68  3.0  2775.0
0  car  0.97  1526.18   661.11  1757.46   882.03  0.0  2790.0
1  car  0.99   742.70   793.57  1229.11  1069.70  1.0  2790.0
2  car  0.54  1073.46   875.98  1626.29  1077.12  2.0  2790.0
3  car  0.95  1351.81   546.23  1514.18   678.58  3.0  2790.0
0  car  0.98  1549.00   638.73  1789.04   836.96  0.0  2805.0
1  car  0.99   754.87   778.24  1276.30  1057.01  1.0  2805.0
2  car  0.83  1181.34   815.94  1714.21  1077.12  2.0  2805.0
3  car  0.98  1268.62   553.05  1473.69   701.03  3.0  2805.0
0  car  0.98  1590.17   625.37  1806.06   790.85  0.0  2820.0
1  car  1.00   789.45   782.64  1252.84  1039.99  1.0  2820.0
2  car  0.97  1348.55   768.49  1820.71  1069.68  2.0  2820.0
3  car  0.99  1138.54   576.77  1434.88   735.18  3.0  2820.0
0  car  0.97  1611.66   611.25  1817.79   750.30  0.0  2835.0
1  car  0.99   828.40   766.80  1258.01  1042.07  1.0  2835.0
2  car  0.98  1491.31   740.78  1901.84  1035.55  2.0  2835.0
3  car  0.99  1017.29   606.86  1326.42   773.69  3.0  2835.0
0  car  0.97  1662.10   590.64  1827.75   718.88  0.0  2850.0
1  car  0.98   845.30   674.77  1263.15  1005.96  1.0  2850.0
2  car  0.98  1602.39   725.51  1918.08   981.64  2.0  2850.0
3  car  0.48   883.26   661.21  1224.96   797.54  3.0  2850.0
0  car  0.93  1697.52   570.36  1817.37   709.99  0.0  2865.0
1  car  0.95   860.73   741.36  1314.79  1003.94  1.0  2865.0
0  car  0.91  1701.73   553.24  1824.03   692.85  0.0  2880.0
1  car  0.56  1488.88   539.64  1608.99   626.94  1.0  2880.0
2  car  0.98   903.86   743.31  1338.76   985.91  2.0  2880.0
0  car  0.70  1409.55   548.89  1586.38   654.59  0.0  2895.0
1  car  0.95   957.43   727.56  1357.87   973.13  1.0  2895.0
2  car  0.85  1086.54   942.60  1543.14  1077.12  2.0  2895.0
0  car  0.82  1326.24   569.78  1520.11   676.85  0.0  2910.0
1  car  0.97   979.11   724.59  1369.90   973.55  1.0  2910.0
2  car  0.89  1200.73   851.64  1612.39  1077.12  2.0  2910.0
0  car  0.97  1006.73   711.48  1378.12   947.69  0.0  2925.0
1  car  0.98  1326.17   771.14  1682.06  1057.22  1.0  2925.0
2  car  0.88  1214.44   613.80  1427.51   701.16  2.0  2925.0
0  car  0.95  1052.51   663.88  1381.47   925.27  0.0  2940.0
1  car  0.98  1428.72   722.38  1742.52   970.18  1.0  2940.0
0  car  0.83   864.43   673.72  1401.67   911.77  0.0  2955.0
1  car  0.95   465.07   845.35  1013.59  1077.12  1.0  2955.0
2  car  0.96  1521.02   692.00  1761.65   878.54  2.0  2955.0
0  car  0.96  1580.17   641.35  1780.51   812.17  0.0  2970.0
1  car  0.98  1117.68   683.51  1429.36   882.69  1.0  2970.0
0  car  0.95  1623.70   616.45  1793.39   768.09  0.0  2985.0
1  car  0.98  1164.01   669.03  1457.81   854.56  1.0  2985.0
     blobs_00.frame
200            3000
201            3015
202            3030
203            3045
204            3060
205            3075
206            3090
207            3105
208            3120
209            3135
210            3150
211            3165
212            3180
213            3195
214            3210
215            3225
216            3240
217            3255
218            3270
219            3285
220            3300
221            3315
222            3330
223            3345
224            3360
225            3375
226            3390
227            3405
228            3420
229            3435
230            3450
231            3465
232            3480
233            3495
234            3510
235            3525
236            3540
237            3555
238            3570
239            3585
240            3600
241            3615
242            3630
243            3645
244            3660
245            3675
246            3690
247            3705
248            3720
249            3735
250            3750
251            3765
252            3780
253            3795
254            3810
255            3825
256            3840
257            3855
258            3870
259            3885
260            3900
261            3915
262            3930
263            3945
264            3960
265            3975
266            3990
267            4005
268            4020
269            4035
270            4050
271            4065
272            4080
273            4095
274            4110
275            4125
276            4140
277            4155
278            4170
279            4185
280            4200
281            4215
282            4230
283            4245
284            4260
285            4275
286            4290
287            4305
288            4320
289            4335
290            4350
291            4365
292            4380
293            4395
294            4410
295            4425
296            4440
297            4455
298            4470
299            4485
------------------
     0     1        2       3        4        5    6       7
0  car  0.86   441.98  793.94  1174.89  1072.43  0.0  3000.0
1  car  0.98  1647.75  590.43  1800.91   721.80  1.0  3000.0
2  car  0.98  1197.04  638.90  1466.09   843.02  2.0  3000.0
0  car  0.97   499.76  781.49  1225.17  1072.84  0.0  3015.0
1  car  0.97  1664.22  573.21  1808.26   696.33  1.0  3015.0
2  car  0.97  1245.59  628.30  1444.40   799.39  2.0  3015.0
0  car  1.00   608.21  758.65  1249.24  1073.05  0.0  3030.0
1  car  0.98  1696.27  552.17  1805.57   654.82  1.0  3030.0
2  car  0.98  1265.86  620.40  1447.86   771.26  2.0  3030.0
0  car  1.00   720.28  737.52  1271.03  1066.31  0.0  3045.0
1  car  0.90  1704.48  540.74  1799.84   639.82  1.0  3045.0
2  car  0.99  1256.18  608.42  1426.90   734.49  2.0  3045.0
0  car  0.99   818.20  713.23  1325.50  1038.30  0.0  3060.0
1  car  0.99  1224.92  591.01  1403.11   717.29  1.0  3060.0
0  car  0.99   904.67  698.97  1348.58   994.49  0.0  3075.0
1  car  0.99  1150.25  575.68  1364.49   699.34  1.0  3075.0
0  car  0.98   992.27  698.80  1365.54   944.26  0.0  3090.0
1  car  0.97  1100.79  570.80  1336.23   685.20  1.0  3090.0
0  car  0.94  1056.42  668.40  1387.03   893.20  0.0  3105.0
1  car  0.97  1056.52  559.26  1246.33   687.07  1.0  3105.0
0  car  0.96  1106.02  651.89  1400.68   875.68  0.0  3120.0
1  car  0.93   962.43  558.40  1178.16   676.95  1.0  3120.0
0  car  0.97  1145.68  623.33  1402.67   843.04  0.0  3135.0
1  car  0.95   857.46  550.68  1072.68   662.65  1.0  3135.0
0  car  0.96  1178.85  609.47  1405.92   811.98  0.0  3150.0
0  car  0.97  1191.97  605.63  1382.54   769.48  0.0  3165.0
0  car  0.98  1169.61  590.98  1368.33   758.07  0.0  3180.0
0  car  0.98  1131.80  578.57  1346.08   737.21  0.0  3195.0
0  car  0.98  1057.66  559.39  1305.19   721.43  0.0  3210.0
0  car  0.98   998.52  556.00  1262.02   696.21  0.0  3225.0
0  car  0.98   932.76  548.50  1202.01   686.22  0.0  3240.0
0  car  0.98   865.74  549.17  1119.54   670.62  0.0  3255.0
0  car  0.96   801.98  549.87  1019.10   656.08  0.0  3270.0
0  car  1.00   808.08  575.86  1139.62   706.49  0.0  4020.0
0  car  0.99   897.46  573.78  1240.91   716.38  0.0  4035.0
0  car  0.99   991.08  583.29  1364.35   727.84  0.0  4050.0
0  car  0.99  1096.08  571.00  1507.64   746.81  0.0  4065.0
0  car  0.99  1234.92  571.95  1657.64   764.93  0.0  4080.0
0  car  0.99  1394.82  594.92  1830.68   763.93  0.0  4095.0
0  car  0.99  1568.15  593.09  1918.08   784.47  0.0  4110.0
0  car  0.00   119.28  957.61   924.69  1077.12  0.0  4365.0
0  car  0.94   283.36  935.11   914.25  1077.12  0.0  4380.0
0  car  0.99   474.91  899.65  1019.45  1074.70  0.0  4395.0
0  car  0.99   583.39  872.29  1096.37  1062.16  0.0  4410.0
0  car  1.00   669.70  841.34  1161.49  1075.07  0.0  4425.0
0  car  0.99   698.64  807.36  1187.28  1077.12  0.0  4440.0
0  car  1.00   748.13  800.83  1214.08  1067.21  0.0  4455.0
0  car  1.00   786.27  799.78  1231.02  1066.69  0.0  4470.0
0  car  0.99   788.31  799.87  1234.59  1067.32  0.0  4485.0
     blobs_00.frame
300            4500
301            4515
302            4530
303            4545
304            4560
305            4575
306            4590
307            4605
308            4620
309            4635
310            4650
311            4665
312            4680
313            4695
314            4710
315            4725
316            4740
317            4755
318            4770
319            4785
320            4800
321            4815
322            4830
323            4845
324            4860
325            4875
326            4890
327            4905
328            4920
329            4935
330            4950
331            4965
332            4980
333            4995
334            5010
335            5025
336            5040
337            5055
338            5070
339            5085
340            5100
341            5115
342            5130
343            5145
344            5160
345            5175
346            5190
347            5205
348            5220
349            5235
350            5250
351            5265
352            5280
353            5295
354            5310
355            5325
356            5340
357            5355
358            5370
359            5385
360            5400
361            5415
362            5430
363            5445
364            5460
365            5475
366            5490
367            5505
368            5520
369            5535
370            5550
371            5565
372            5580
373            5595
374            5610
375            5625
376            5640
377            5655
378            5670
379            5685
380            5700
381            5715
382            5730
383            5745
384            5760
385            5775
386            5790
387            5805
388            5820
389            5835
390            5850
391            5865
392            5880
393            5895
394            5910
395            5925
396            5940
397            5955
398            5970
399            5985
------------------
     0     1        2       3        4        5    6       7
0  car  0.99   788.07  797.80  1243.20  1062.12  0.0  4500.0
0  car  0.99   803.23  793.53  1235.94  1065.15  0.0  4515.0
0  car  0.99   808.14  795.85  1235.44  1064.80  0.0  4530.0
0  car  0.99   836.78  785.38  1247.36  1063.79  0.0  4545.0
0  car  0.99   908.67  766.45  1283.57  1013.28  0.0  4560.0
0  car  0.99   983.43  742.49  1318.03   950.39  0.0  4575.0
0  car  0.96  1083.24  690.91  1331.23   913.15  0.0  4590.0
0  car  0.87  1117.17  663.61  1327.46   850.27  0.0  4605.0
0  car  0.86  1137.77  641.28  1329.59   810.59  0.0  4620.0
0  car  0.83  1100.23  620.13  1310.10   771.07  0.0  4635.0
0  car  0.97  1061.17  594.01  1251.59   734.06  0.0  4650.0
0  car  0.98   949.03  576.58  1186.72   705.97  0.0  4665.0
0  car  0.97   864.02  582.82  1069.12   680.46  0.0  4680.0
0  car  0.95  1411.70  511.32  1557.64   636.65  0.0  5235.0
0  car  0.97  1379.79  521.56  1535.05   649.55  0.0  5250.0
0  car  0.98  1350.35  523.95  1515.85   646.62  0.0  5265.0
0  car  0.94  1315.52  528.42  1475.65   669.65  0.0  5280.0
1  car  0.18   765.11  970.39  1359.72  1077.12  1.0  5280.0
0  car  0.82  1262.80  529.10  1448.01   689.91  0.0  5295.0
1  car  0.97   929.60  849.30  1544.08  1077.12  1.0  5295.0
0  car  0.96  1194.87  538.71  1404.71   714.73  0.0  5310.0
1  car  0.99  1197.39  737.81  1639.24  1064.81  1.0  5310.0
0  car  0.98  1361.26  685.22  1707.02   978.15  0.0  5325.0
1  car  0.98  1099.16  564.93  1365.59   751.03  1.0  5325.0
0  car  0.97  1460.61  653.46  1766.02   889.16  0.0  5340.0
1  car  0.97   981.70  596.05  1303.13   793.47  1.0  5340.0
0  car  0.94  1552.03  623.14  1789.36   826.78  0.0  5355.0
1  car  0.98   829.43  621.01  1193.69   839.97  1.0  5355.0
0  car  0.80  1583.32  603.52  1818.67   787.40  0.0  5370.0
0  car  0.73  1633.16  582.31  1820.33   739.16  0.0  5385.0
0  car  0.85  1672.36  560.11  1818.00   712.85  0.0  5400.0
0  car  0.77  1694.11  549.81  1826.47   684.33  0.0  5415.0
0  car  0.98   825.06  594.55  1118.08   714.60  0.0  5820.0
0  car  0.98   940.05  586.37  1238.07   726.49  0.0  5835.0
0  car  0.98  1069.59  597.28  1392.96   740.86  0.0  5850.0
0  car  0.96  1222.74  590.69  1573.65   767.17  0.0  5865.0
0  car  0.98  1420.80  601.69  1775.74   780.21  0.0  5880.0
0  car  0.97  1655.40  614.50  1918.08   787.93  0.0  5895.0
     blobs_00.frame
400            6000
401            6015
402            6030
403            6045
404            6060
405            6075
406            6090
407            6105
408            6120
409            6135
410            6150
411            6165
412            6180
413            6195
414            6210
415            6225
416            6240
417            6255
418            6270
419            6285
420            6300
421            6315
422            6330
423            6345
424            6360
425            6375
426            6390
427            6405
428            6420
429            6435
430            6450
431            6465
432            6480
433            6495
434            6510
435            6525
436            6540
437            6555
438            6570
439            6585
440            6600
441            6615
442            6630
443            6645
444            6660
445            6675
446            6690
447            6705
448            6720
449            6735
450            6750
451            6765
452            6780
453            6795
454            6810
455            6825
456            6840
457            6855
458            6870
459            6885
460            6900
461            6915
462            6930
463            6945
464            6960
465            6975
466            6990
467            7005
468            7020
469            7035
470            7050
471            7065
472            7080
473            7095
474            7110
475            7125
476            7140
477            7155
478            7170
479            7185
480            7200
481            7215
482            7230
483            7245
484            7260
485            7275
486            7290
487            7305
488            7320
489            7335
490            7350
491            7365
492            7380
493            7395
494            7410
495            7425
496            7440
497            7455
498            7470
499            7485
------------------
     0     1        2       3        4        5    6       7
0  car  0.98   308.49  894.61  1000.66  1077.12  0.0  6090.0
0  car  0.99   327.77  892.52  1015.71  1077.12  0.0  6105.0
0  car  0.99   329.39  890.64  1013.61  1077.12  0.0  6120.0
0  car  0.99   327.07  893.83  1012.30  1077.12  0.0  6135.0
0  car  0.99   322.35  891.12  1011.18  1077.12  0.0  6150.0
0  car  0.99   323.07  893.36  1013.05  1077.12  0.0  6165.0
0  car  0.99   321.13  890.28  1011.60  1077.12  0.0  6180.0
0  car  0.99   325.46  892.52  1011.71  1077.12  0.0  6195.0
0  car  0.99   324.12  889.79  1009.59  1077.12  0.0  6210.0
0  car  0.99   325.44  893.08  1009.07  1077.12  0.0  6225.0
0  car  0.99   319.74  890.72  1007.71  1077.12  0.0  6240.0
0  car  0.99   320.51  889.35  1014.91  1077.12  0.0  6255.0
0  car  0.99   323.04  888.47  1010.58  1077.12  0.0  6270.0
0  car  0.99   315.52  891.29  1015.89  1077.12  0.0  6285.0
0  car  0.99   313.61  887.81  1014.89  1076.75  0.0  6300.0
0  car  0.99   312.88  887.86  1013.01  1076.79  0.0  6315.0
0  car  0.99   315.98  890.43  1007.40  1076.50  0.0  6330.0
0  car  0.99   314.62  890.44  1008.25  1076.35  0.0  6345.0
0  car  0.99   330.23  891.41  1009.16  1076.35  0.0  6360.0
0  car  0.99   327.97  888.25  1009.84  1076.34  0.0  6375.0
0  car  0.99   328.65  887.93  1009.80  1076.21  0.0  6390.0
0  car  0.99   329.78  890.33  1011.85  1076.57  0.0  6405.0
0  car  0.99   322.63  894.11  1013.93  1076.99  0.0  6420.0
0  car  0.99   335.90  891.36  1021.79  1075.72  0.0  6435.0
0  car  0.99   354.07  887.27  1019.32  1073.83  0.0  6450.0
1  car  0.85  1380.99  531.63  1514.55   643.45  1.0  6450.0
0  car  0.99   371.27  873.06  1039.13  1071.93  0.0  6465.0
1  car  0.90  1355.45  528.47  1494.25   654.37  1.0  6465.0
0  car  0.99   404.42  857.47  1064.04  1067.46  0.0  6480.0
1  car  0.95  1299.35  552.10  1467.97   674.62  1.0  6480.0
0  car  0.99   455.99  849.19  1120.31  1071.01  0.0  6495.0
1  car  0.96  1228.97  556.05  1439.13   688.31  1.0  6495.0
0  car  1.00   544.81  815.21  1153.18  1077.12  0.0  6510.0
1  car  0.95  1160.84  559.50  1372.14   714.29  1.0  6510.0
0  car  1.00   618.32  785.38  1183.87  1077.12  0.0  6525.0
1  car  0.97  1073.71  567.63  1310.06   744.61  1.0  6525.0
0  car  1.00   699.35  769.47  1244.01  1073.71  0.0  6540.0
1  car  0.99   970.64  606.81  1241.30   762.80  1.0  6540.0
0  car  0.99   767.09  710.88  1297.34  1074.08  0.0  6555.0
1  car  0.94  1414.92  532.96  1551.71   626.58  1.0  6555.0
2  car  0.97   839.36  642.13  1134.72   795.58  2.0  6555.0
0  car  0.97   841.26  728.81  1312.13  1038.52  0.0  6570.0
1  car  0.92  1374.09  531.06  1519.57   638.69  1.0  6570.0
0  car  0.99   925.60  709.69  1364.02   997.28  0.0  6585.0
1  car  0.91  1323.72  533.83  1491.55   658.12  1.0  6585.0
0  car  1.00   979.35  693.06  1403.92   965.02  0.0  6600.0
1  car  0.96  1277.50  565.77  1467.50   674.78  1.0  6600.0
0  car  0.99  1032.75  678.50  1409.51   941.19  0.0  6615.0
1  car  0.98  1188.76  564.20  1396.46   685.97  1.0  6615.0
0  car  0.99  1087.81  675.35  1451.95   927.98  0.0  6630.0
1  car  0.97  1130.95  579.51  1356.76   700.55  1.0  6630.0
0  car  0.96  1081.17  596.81  1455.23   875.51  0.0  6645.0
1  car  0.90  1033.46  597.49  1288.58   750.12  1.0  6645.0
0  car  0.94  1174.42  648.53  1477.40   860.11  0.0  6660.0
1  car  0.97   911.52  629.79  1203.18   800.90  1.0  6660.0
0  car  0.96  1215.99  620.11  1482.36   849.27  0.0  6675.0
1  car  0.99   756.34  651.00  1090.17   853.39  1.0  6675.0
0  car  0.96  1245.51  629.13  1489.45   808.97  0.0  6690.0
0  car  0.97  1279.35  609.85  1460.76   791.27  0.0  6705.0
0  car  0.94  1266.75  596.26  1452.12   771.57  0.0  6720.0
0  car  0.88  1239.70  602.50  1442.27   754.49  0.0  6735.0
0  car  0.95  1206.86  584.57  1417.40   736.66  0.0  6750.0
0  car  0.97  1146.91  577.64  1391.81   721.01  0.0  6765.0
0  car  0.98  1103.13  561.91  1339.92   718.62  0.0  6780.0
0  car  0.98  1032.42  557.78  1295.12   697.09  0.0  6795.0
0  car  0.99   974.39  554.30  1217.08   692.43  0.0  6810.0
0  car  0.99   910.35  553.25  1141.13   675.81  0.0  6825.0
0  car  0.99   831.16  552.97  1085.03   666.47  0.0  6840.0
0  car  0.48   804.46  950.79  1356.93  1077.12  0.0  6975.0
0  car  0.93  1038.12  816.97  1542.85  1077.12  0.0  6990.0
0  car  0.98  1286.35  720.22  1618.09  1003.36  0.0  7005.0
0  car  0.98  1414.93  653.23  1663.24   881.77  0.0  7020.0
0  car  0.94  1502.05  618.69  1689.26   788.20  0.0  7035.0
0  car  0.95  1544.40  596.67  1710.21   733.75  0.0  7050.0
0  car  0.95  1584.05  561.57  1728.36   697.96  0.0  7065.0
0  car  0.96  1604.00  549.63  1739.88   663.41  0.0  7080.0
0  car  0.98  1625.75  536.16  1746.36   650.23  0.0  7095.0
     blobs_00.frame
500            7500
501            7515
502            7530
503            7545
504            7560
505            7575
506            7590
507            7605
508            7620
509            7635
510            7650
511            7665
512            7680
513            7695
514            7710
515            7725
516            7740
517            7755
518            7770
519            7785
520            7800
521            7815
522            7830
523            7845
524            7860
525            7875
526            7890
527            7905
528            7920
529            7935
530            7950
531            7965
532            7980
533            7995
534            8010
535            8025
536            8040
537            8055
538            8070
539            8085
540            8100
541            8115
542            8130
543            8145
544            8160
545            8175
546            8190
547            8205
548            8220
549            8235
550            8250
551            8265
552            8280
553            8295
554            8310
555            8325
556            8340
557            8355
558            8370
559            8385
560            8400
561            8415
562            8430
563            8445
564            8460
565            8475
566            8490
567            8505
568            8520
569            8535
570            8550
571            8565
572            8580
573            8595
574            8610
575            8625
576            8640
577            8655
578            8670
579            8685
580            8700
581            8715
582            8730
583            8745
584            8760
585            8775
586            8790
587            8805
588            8820
589            8835
590            8850
591            8865
592            8880
593            8895
594            8910
595            8925
596            8940
597            8955
598            8970
599            8985
------------------
     0     1        2       3        4        5    6       7
0  car  0.23   911.19  989.60  1355.47  1077.12  0.0  7860.0
0  car  0.82   905.87  956.54  1433.10  1077.12  0.0  7875.0
0  car  0.91   913.97  940.02  1445.03  1077.12  0.0  7890.0
0  car  0.98   942.19  929.13  1492.81  1077.12  0.0  7905.0
0  car  0.99   949.68  918.26  1470.55  1077.12  0.0  7920.0
0  car  0.99   937.61  929.86  1474.64  1077.12  0.0  7935.0
0  car  0.99   942.77  929.92  1474.86  1077.12  0.0  7950.0
0  car  0.99   950.86  930.61  1476.53  1077.12  0.0  7965.0
0  car  0.98   956.37  931.81  1490.25  1077.12  0.0  7980.0
0  car  0.98   960.71  928.65  1487.29  1077.12  0.0  7995.0
0  car  0.98   948.40  926.14  1485.21  1077.12  0.0  8010.0
0  car  0.98   954.78  931.93  1481.85  1077.12  0.0  8025.0
0  car  0.98   954.58  928.11  1495.88  1077.12  0.0  8040.0
0  car  0.98   948.83  929.54  1491.26  1077.12  0.0  8055.0
0  car  0.98   953.36  925.81  1488.21  1077.12  0.0  8070.0
0  car  0.97   959.78  924.82  1473.38  1077.12  0.0  8085.0
0  car  0.98   964.63  924.99  1459.83  1077.12  0.0  8100.0
0  car  0.99   964.82  922.14  1477.29  1077.12  0.0  8115.0
0  car  0.99   936.11  928.68  1464.66  1077.12  0.0  8130.0
0  car  0.99   941.83  928.75  1466.27  1077.12  0.0  8145.0
0  car  0.99   938.68  916.94  1471.15  1077.12  0.0  8160.0
0  car  0.99   932.17  917.01  1474.15  1077.12  0.0  8175.0
0  car  0.97   958.54  926.47  1471.30  1077.12  0.0  8190.0
0  car  0.97   961.62  926.70  1468.44  1077.12  0.0  8205.0
0  car  0.99   949.59  928.65  1484.35  1077.12  0.0  8220.0
0  car  0.98   953.31  930.74  1472.92  1077.12  0.0  8235.0
0  car  0.98   970.63  931.68  1468.25  1077.12  0.0  8250.0
0  car  0.98   971.38  925.17  1482.32  1077.12  0.0  8265.0
0  car  0.99  1001.47  907.31  1500.34  1077.12  0.0  8280.0
0  car  0.99  1075.54  874.97  1533.13  1077.12  0.0  8295.0
0  car  0.99  1181.80  830.51  1568.21  1077.12  0.0  8310.0
1  car  0.91  1309.20  539.08  1441.73   619.80  1.0  8310.0
0  car  1.00  1275.65  783.16  1628.76  1053.74  0.0  8325.0
1  car  0.95  1274.43  534.16  1426.35   629.26  1.0  8325.0
0  car  0.98  1385.22  740.35  1679.30   979.82  0.0  8340.0
1  car  0.94  1237.55  539.60  1407.08   639.66  1.0  8340.0
0  car  0.97  1482.35  676.78  1692.93   914.95  0.0  8355.0
1  car  0.96  1212.41  535.92  1383.88   658.69  1.0  8355.0
0  car  0.95  1538.40  642.44  1722.83   835.62  0.0  8370.0
1  car  0.96  1131.55  543.70  1370.07   673.97  1.0  8370.0
2  car  0.92  1427.61  533.12  1583.33   655.00  2.0  8370.0
0  car  0.89  1567.64  612.27  1748.60   787.70  0.0  8385.0
1  car  0.98  1072.45  560.76  1297.19   691.55  1.0  8385.0
2  car  0.93  1366.60  544.75  1540.16   678.72  2.0  8385.0
0  car  0.94  1614.91  597.78  1748.41   732.06  0.0  8400.0
1  car  0.99  1000.06  572.85  1249.44   719.19  1.0  8400.0
2  car  0.95  1266.31  577.20  1476.00   718.55  2.0  8400.0
0  car  0.93  1636.15  578.31  1764.29   694.58  0.0  8415.0
1  car  0.98   916.30  601.04  1185.98   744.81  1.0  8415.0
2  car  0.93  1143.20  583.41  1422.89   764.70  2.0  8415.0
0  car  0.94  1652.70  566.67  1774.47   668.56  0.0  8430.0
1  car  0.96   803.97  601.74  1293.64   825.35  1.0  8430.0
0  car  0.91  1668.15  553.85  1771.21   633.37  0.0  8445.0
1  car  0.99   652.81  650.34  1154.72   910.20  1.0  8445.0
0  car  0.96  1404.46  522.87  1567.54   654.12  0.0  8715.0
0  car  0.95  1290.65  549.94  1520.25   681.28  0.0  8730.0
0  car  0.96  1186.65  573.08  1432.43   743.73  0.0  8745.0
0  car  0.97  1002.33  605.70  1336.40   799.55  0.0  8760.0
0  car  0.96   741.00  648.25  1175.63   897.42  0.0  8775.0
     blobs_00.frame
600            9000
601            9015
602            9030
603            9045
604            9060
605            9075
606            9090
607            9105
608            9120
609            9135
610            9150
611            9165
612            9180
613            9195
614            9210
615            9225
616            9240
617            9255
618            9270
619            9285
620            9300
621            9315
622            9330
623            9345
624            9360
625            9375
626            9390
627            9405
628            9420
629            9435
630            9450
631            9465
632            9480
633            9495
634            9510
635            9525
636            9540
637            9555
638            9570
639            9585
640            9600
641            9615
642            9630
643            9645
644            9660
645            9675
646            9690
647            9705
648            9720
649            9735
650            9750
651            9765
652            9780
653            9795
654            9810
655            9825
656            9840
657            9855
658            9870
659            9885
660            9900
661            9915
662            9930
663            9945
664            9960
665            9975
666            9990
667           10005
668           10020
669           10035
670           10050
671           10065
672           10080
673           10095
674           10110
675           10125
676           10140
677           10155
678           10170
679           10185
680           10200
681           10215
682           10230
683           10245
684           10260
685           10275
686           10290
687           10305
688           10320
689           10335
690           10350
691           10365
692           10380
693           10395
694           10410
695           10425
696           10440
697           10455
698           10470
699           10485
------------------
     0     1        2       3        4        5    6        7
0  car  0.98  1179.52  892.35  1576.99  1077.12  0.0   9270.0
0  car  0.95  1177.86  535.34  1379.18   657.25  0.0   9285.0
1  car  0.99  1391.79  757.05  1674.07   984.90  1.0   9285.0
0  car  0.98  1080.51  554.59  1301.22   694.75  0.0   9300.0
1  car  0.99  1493.23  684.72  1739.92   870.07  1.0   9300.0
0  car  0.98   927.08  582.22  1222.80   742.71  0.0   9315.0
1  car  0.97  1569.14  648.89  1729.58   778.16  1.0   9315.0
0  car  0.95  1610.85  617.78  1726.02   730.99  0.0   9330.0
0  car  0.98  1623.35  583.61  1747.55   687.14  0.0   9345.0
0  car  0.97  1652.18  564.19  1754.37   652.32  0.0   9360.0
0  car  0.95  1651.00  547.92  1761.10   625.67  0.0   9375.0
0  car  0.95   324.50  902.53   975.76  1076.42  0.0   9720.0
0  car  0.95   442.67  862.20  1006.89  1067.52  0.0   9765.0
0  car  0.98   428.98  856.32  1030.37  1067.17  0.0   9780.0
0  car  0.98   452.51  852.69  1016.92  1065.69  0.0   9810.0
0  car  0.98   459.42  852.39  1021.25  1066.64  0.0   9825.0
0  car  0.99   459.62  851.71  1022.61  1066.89  0.0   9840.0
0  car  0.99   459.39  851.20  1024.63  1066.74  0.0   9855.0
0  car  0.99   460.64  852.41  1024.30  1066.94  0.0   9870.0
0  car  0.99   461.10  854.04  1026.47  1066.76  0.0   9885.0
0  car  0.99   462.22  855.19  1027.30  1066.95  0.0   9900.0
0  car  0.99   462.67  855.99  1025.43  1066.83  0.0   9915.0
0  car  0.99   461.43  853.70  1020.69  1066.84  0.0   9930.0
0  car  0.99   461.31  854.12  1021.67  1066.70  0.0   9945.0
0  car  0.99   463.84  854.14  1022.34  1066.98  0.0   9960.0
0  car  0.99   469.38  855.41  1025.78  1067.41  0.0   9975.0
0  car  0.99   469.04  855.13  1025.39  1067.53  0.0   9990.0
0  car  0.99   467.52  853.22  1025.75  1067.35  0.0  10005.0
0  car  0.98   463.59  851.31  1025.66  1067.32  0.0  10020.0
0  car  0.98   461.76  850.69  1024.74  1067.46  0.0  10035.0
0  car  0.99   465.82  850.43  1024.42  1067.26  0.0  10050.0
0  car  0.99   472.82  850.22  1024.94  1067.41  0.0  10065.0
0  car  0.99   467.76  849.11  1026.44  1067.25  0.0  10080.0
0  car  0.99   466.83  850.48  1028.18  1067.42  0.0  10095.0
0  car  0.99   476.68  850.07  1022.71  1067.02  0.0  10110.0
0  car  0.99   473.50  851.60  1026.59  1066.16  0.0  10125.0
0  car  0.97   461.10  850.20  1025.28  1064.04  0.0  10155.0
0  car  0.97   516.21  843.34  1045.09  1063.00  0.0  10170.0
0  car  0.99   537.61  843.11  1085.67  1068.65  0.0  10185.0
0  car  1.00   583.33  825.50  1124.88  1077.12  0.0  10200.0
1  car  0.84  1272.01  517.87  1429.19   649.24  1.0  10200.0
0  car  1.00   647.14  824.11  1160.65  1072.44  0.0  10215.0
1  car  0.82  1230.53  546.00  1384.89   652.08  1.0  10215.0
0  car  1.00   718.42  800.18  1192.74  1064.65  0.0  10230.0
1  car  0.92  1152.37  553.88  1365.54   687.72  1.0  10230.0
0  car  0.99   771.24  773.73  1216.15  1035.41  0.0  10245.0
1  car  0.96  1101.65  583.58  1300.12   705.52  1.0  10245.0
0  car  0.99   870.09  759.69  1254.22  1006.39  0.0  10260.0
1  car  0.98   971.71  599.55  1227.02   725.65  1.0  10260.0
0  car  0.97   958.44  723.22  1289.32   960.93  0.0  10275.0
1  car  0.96   873.39  647.51  1129.77   760.65  1.0  10275.0
0  car  0.93  1024.28  687.34  1311.82   915.61  0.0  10290.0
0  car  0.83  1088.23  667.42  1312.25   852.97  0.0  10305.0
0  car  0.62  1125.77  633.51  1304.90   831.83  0.0  10320.0
0  car  0.85  1113.08  616.68  1300.60   779.33  0.0  10335.0
0  car  0.92  1088.16  600.81  1281.20   762.18  0.0  10350.0
0  car  0.93  1030.92  584.66  1227.62   728.66  0.0  10365.0
0  car  0.97   973.03  573.39  1191.72   714.47  0.0  10380.0
0  car  0.96   918.45  586.79  1100.81   692.09  0.0  10395.0
0  car  0.91   820.29  566.30  1050.32   681.30  0.0  10410.0
     blobs_00.frame
700           10500
701           10515
702           10530
703           10545
704           10560
705           10575
706           10590
707           10605
708           10620
709           10635
710           10650
711           10665
712           10680
713           10695
714           10710
715           10725
716           10740
717           10755
718           10770
719           10785
720           10800
721           10815
722           10830
723           10845
724           10860
725           10875
726           10890
727           10905
728           10920
729           10935
730           10950
731           10965
732           10980
733           10995
734           11010
735           11025
736           11040
737           11055
738           11070
739           11085
740           11100
741           11115
742           11130
743           11145
744           11160
745           11175
746           11190
747           11205
748           11220
749           11235
750           11250
751           11265
752           11280
753           11295
754           11310
755           11325
756           11340
757           11355
758           11370
759           11385
760           11400
761           11415
762           11430
763           11445
764           11460
765           11475
766           11490
767           11505
768           11520
769           11535
770           11550
771           11565
772           11580
773           11595
774           11610
775           11625
776           11640
777           11655
778           11670
779           11685
780           11700
781           11715
782           11730
783           11745
784           11760
785           11775
786           11790
787           11805
788           11820
789           11835
790           11850
791           11865
792           11880
793           11895
794           11910
795           11925
796           11940
797           11955
798           11970
799           11985
------------------
     0     1        2       3        4        5    6        7
0  car  0.73  1410.77  552.39  1552.33   636.53  0.0  10590.0
0  car  0.95  1314.44  570.70  1494.48   677.87  0.0  10605.0
0  car  0.97  1197.61  602.91  1407.69   732.09  0.0  10620.0
0  car  0.96  1055.17  633.53  1290.95   792.28  0.0  10635.0
0  car  0.99   821.89  677.39  1152.67   877.47  0.0  10650.0
0  car  0.98   584.04  810.32  1132.13  1077.12  0.0  11100.0
0  car  1.00   797.85  719.56  1251.78  1049.90  0.0  11115.0
0  car  1.00   981.09  673.53  1263.45   924.52  0.0  11130.0
0  car  0.99  1061.75  638.85  1252.52   856.37  0.0  11145.0
0  car  0.99  1049.97  603.04  1267.77   785.98  0.0  11160.0
0  car  0.99  1002.45  580.25  1197.27   751.03  0.0  11175.0
0  car  0.99   913.64  567.96  1146.04   706.52  0.0  11190.0
0  car  0.99   817.87  562.88  1058.85   685.02  0.0  11205.0
1  car  0.98  1098.44  856.32  1491.39  1070.26  1.0  11205.0
0  car  0.99  1324.45  721.50  1608.13   934.98  0.0  11220.0
0  car  0.98  1451.88  661.10  1638.17   827.63  0.0  11235.0
0  car  0.91  1520.08  617.00  1668.15   750.49  0.0  11250.0
0  car  0.93  1567.46  577.85  1694.55   698.06  0.0  11265.0
0  car  0.89  1610.51  561.29  1726.38   656.94  0.0  11280.0
0  car  0.75  1625.55  548.10  1731.68   623.15  0.0  11295.0
0  car  0.20   319.00  970.70   866.20  1074.17  0.0  11580.0
0  car  0.99   442.58  841.01  1099.15  1065.91  0.0  11640.0
0  car  0.99   450.70  847.73  1099.93  1066.41  0.0  11655.0
0  car  0.98   451.53  852.38  1104.07  1067.19  0.0  11670.0
0  car  0.98   455.53  855.22  1119.40  1068.73  0.0  11685.0
1  car  0.91  1184.12  532.82  1385.40   627.26  1.0  11685.0
0  car  0.96   473.18  862.54  1125.66  1067.97  0.0  11700.0
1  car  0.97  1073.89  539.49  1315.22   632.70  1.0  11700.0
0  car  0.97   494.29  847.98  1102.58  1058.37  0.0  11715.0
1  car  0.96   994.39  553.08  1185.67   632.34  1.0  11715.0
0  car  0.98   463.50  843.15  1113.53  1074.80  0.0  11730.0
1  car  0.90   857.81  562.54  1098.47   633.56  1.0  11730.0
0  car  0.98   432.64  841.82  1126.03  1077.12  0.0  11745.0
0  car  0.99   454.49  836.01  1115.66  1076.33  0.0  11760.0
0  car  0.99   459.03  844.12  1101.59  1077.12  0.0  11775.0
0  car  0.99   455.19  842.82  1099.58  1077.12  0.0  11790.0
0  car  0.99   459.03  840.25  1113.25  1077.12  0.0  11805.0
0  car  0.99   447.00  828.20  1104.97  1077.12  0.0  11820.0
0  car  0.99   446.20  829.24  1109.65  1077.12  0.0  11835.0
0  car  0.99   444.52  828.32  1108.88  1077.12  0.0  11850.0
0  car  0.99   448.60  834.80  1108.63  1077.00  0.0  11865.0
0  car  0.99   450.54  834.40  1109.17  1077.12  0.0  11880.0
0  car  0.99   461.02  827.60  1106.29  1077.12  0.0  11895.0
0  car  0.99   456.76  829.01  1106.67  1077.12  0.0  11910.0
0  car  0.99   461.12  829.50  1101.16  1077.12  0.0  11925.0
0  car  0.99   458.74  831.50  1103.61  1077.12  0.0  11940.0
0  car  0.99   447.12  834.97  1109.17  1077.12  0.0  11955.0
0  car  0.99   447.81  835.36  1108.45  1077.12  0.0  11970.0
0  car  0.99   446.64  835.42  1106.87  1077.12  0.0  11985.0
     blobs_00.frame
800           12000
801           12015
802           12030
803           12045
804           12060
805           12075
806           12090
807           12105
808           12120
809           12135
810           12150
811           12165
812           12180
813           12195
814           12210
815           12225
816           12240
817           12255
818           12270
819           12285
820           12300
821           12315
822           12330
823           12345
824           12360
825           12375
826           12390
827           12405
828           12420
829           12435
830           12450
831           12465
832           12480
833           12495
834           12510
835           12525
836           12540
837           12555
838           12570
839           12585
840           12600
841           12615
842           12630
843           12645
844           12660
845           12675
846           12690
847           12705
848           12720
849           12735
850           12750
851           12765
852           12780
853           12795
854           12810
855           12825
856           12840
857           12855
858           12870
859           12885
860           12900
861           12915
862           12930
863           12945
864           12960
865           12975
866           12990
867           13005
868           13020
869           13035
870           13050
871           13065
872           13080
873           13095
874           13110
875           13125
876           13140
877           13155
878           13170
879           13185
880           13200
881           13215
882           13230
883           13245
884           13260
885           13275
886           13290
887           13305
888           13320
889           13335
890           13350
891           13365
892           13380
893           13395
894           13410
895           13425
896           13440
897           13455
898           13470
899           13485
------------------
     0     1        2       3        4        5    6        7
0  car  0.99   439.97  853.97  1115.98  1068.24  0.0  12000.0
0  car  0.99   442.26  852.53  1112.76  1064.46  0.0  12015.0
0  car  0.99   452.12  836.02  1101.77  1077.12  0.0  12030.0
1  car  0.82  1413.55  549.05  1537.66   629.11  1.0  12030.0
0  car  0.99   447.45  836.47  1106.14  1077.12  0.0  12045.0
1  car  0.86  1373.82  552.03  1517.78   641.59  1.0  12045.0
0  car  0.99   445.51  836.29  1108.24  1077.12  0.0  12060.0
1  car  0.92  1319.64  563.56  1489.45   659.41  1.0  12060.0
0  car  0.99   453.36  835.33  1108.23  1077.12  0.0  12075.0
1  car  0.98  1255.04  591.79  1445.41   684.42  1.0  12075.0
0  car  0.99   455.92  841.32  1102.84  1067.93  0.0  12090.0
1  car  0.95  1163.39  608.82  1366.16   717.17  1.0  12090.0
0  car  0.99   463.76  821.46  1146.75  1075.04  0.0  12105.0
1  car  0.90  1026.38  627.13  1283.99   788.83  1.0  12105.0
0  car  0.99   555.45  772.81  1180.22  1077.12  0.0  12120.0
1  car  0.96   852.08  687.74  1163.11   830.18  1.0  12120.0
0  car  0.99   671.49  737.85  1242.95  1066.50  0.0  12135.0
0  car  0.97   828.47  730.28  1303.73  1039.42  0.0  12150.0
0  car  0.99   963.23  701.35  1340.76   969.17  0.0  12165.0
0  car  0.99  1049.43  655.49  1372.51   916.07  0.0  12180.0
0  car  0.98  1125.01  642.49  1391.78   846.64  0.0  12195.0
0  car  0.98  1165.09  608.89  1375.89   818.45  0.0  12210.0
0  car  0.98  1155.71  604.38  1364.91   771.85  0.0  12225.0
0  car  0.98  1111.31  581.95  1337.40   746.42  0.0  12240.0
0  car  0.99  1028.69  563.35  1285.31   722.50  0.0  12255.0
0  car  0.99   963.55  568.17  1225.08   696.08  0.0  12270.0
0  car  0.99   890.84  555.67  1125.56   667.06  0.0  12285.0
0  car  0.99   790.13  551.35  1014.43   659.24  0.0  12300.0
0  car  0.98   459.47  891.31  1045.55  1077.12  0.0  12375.0
0  car  0.98   737.58  806.34  1216.30  1067.53  0.0  12390.0
0  car  0.89   946.23  734.49  1299.92   992.53  0.0  12405.0
0  car  0.50  1075.57  678.98  1341.50   924.33  0.0  12420.0
0  car  0.49  1124.81  648.46  1365.09   862.53  0.0  12435.0
0  car  0.68  1165.09  623.15  1336.60   803.69  0.0  12450.0
0  car  0.82  1128.96  607.08  1321.24   760.05  0.0  12465.0
0  car  0.89  1091.54  582.93  1271.36   733.12  0.0  12480.0
0  car  0.95  1021.85  572.67  1215.76   704.03  0.0  12495.0
0  car  0.98   950.76  571.75  1181.51   690.49  0.0  12510.0
0  car  0.94   895.99  569.08  1097.86   682.61  0.0  12525.0
0  car  0.94  1376.14  532.48  1520.97   640.55  0.0  12870.0
0  car  0.95  1315.82  559.10  1470.57   661.16  0.0  12885.0
0  car  0.97  1242.35  560.73  1432.25   697.48  0.0  12900.0
0  car  0.98  1122.35  578.76  1349.84   732.35  0.0  12915.0
0  car  0.97  1003.49  606.54  1274.54   776.43  0.0  12930.0
1  car  0.97   394.52  896.38   969.96  1075.83  1.0  12930.0
0  car  0.98   850.42  651.09  1138.94   841.07  0.0  12945.0
1  car  0.99   527.86  870.73  1025.72  1066.67  1.0  12945.0
0  car  0.98   640.09  838.10  1111.64  1055.96  0.0  12960.0
0  car  0.98   702.36  813.22  1178.70  1043.45  0.0  12975.0
0  car  1.00   834.65  779.69  1243.98  1005.31  0.0  12990.0
0  car  1.00   967.10  733.55  1284.78   948.73  0.0  13005.0
0  car  0.99  1066.47  714.67  1324.34   892.42  0.0  13020.0
0  car  0.99  1146.49  663.95  1346.41   840.56  0.0  13035.0
0  car  0.93  1169.87  642.07  1324.49   786.00  0.0  13050.0
0  car  0.96  1142.93  621.91  1309.64   757.45  0.0  13065.0
0  car  0.95  1089.06  594.71  1253.61   730.51  0.0  13080.0
0  car  0.98  1008.21  578.19  1191.89   702.23  0.0  13095.0
0  car  0.98   926.55  578.76  1112.29   688.71  0.0  13110.0
     blobs_00.frame
900           13500
901           13515
902           13530
903           13545
904           13560
905           13575
906           13590
907           13605
908           13620
909           13635
910           13650
911           13665
912           13680
913           13695
914           13710
915           13725
916           13740
917           13755
918           13770
919           13785
920           13800
921           13815
922           13830
923           13845
924           13860
925           13875
926           13890
927           13905
928           13920
929           13935
930           13950
931           13965
932           13980
933           13995
934           14010
935           14025
936           14040
937           14055
938           14070
939           14085
940           14100
941           14115
942           14130
943           14145
944           14160
945           14175
946           14190
947           14205
948           14220
949           14235
950           14250
951           14265
952           14280
953           14295
954           14310
955           14325
956           14340
957           14355
958           14370
959           14385
960           14400
961           14415
962           14430
963           14445
964           14460
965           14475
966           14490
967           14505
968           14520
969           14535
970           14550
971           14565
972           14580
973           14595
974           14610
975           14625
976           14640
977           14655
978           14670
979           14685
980           14700
981           14715
982           14730
983           14745
984           14760
985           14775
986           14790
987           14805
988           14820
989           14835
990           14850
991           14865
992           14880
993           14895
994           14910
995           14925
996           14940
997           14955
998           14970
999           14985
------------------
     0     1        2       3        4        5    6        7
0  car  0.84  1455.03  544.78  1578.36   616.90  0.0  13920.0
0  car  0.93  1393.22  549.25  1535.72   643.95  0.0  13935.0
0  car  0.95  1311.47  580.21  1498.55   675.54  0.0  13950.0
0  car  0.95  1203.58  593.61  1431.69   715.35  0.0  13965.0
0  car  0.97  1082.39  627.05  1310.62   764.07  0.0  13980.0
0  car  0.99   893.04  680.36  1200.29   831.42  0.0  13995.0
0  car  0.74   347.87  911.46   955.07  1076.75  0.0  14745.0
0  car  0.99   744.78  787.38  1186.81  1034.90  0.0  14760.0
0  car  0.99   981.82  706.48  1308.31   912.94  0.0  14775.0
0  car  0.96  1116.03  643.94  1364.77   860.20  0.0  14790.0
0  car  0.91  1209.00  617.35  1370.49   807.20  0.0  14805.0
0  car  0.95  1198.89  603.01  1357.08   751.45  0.0  14820.0
0  car  0.98  1141.12  580.30  1336.29   716.64  0.0  14835.0
0  car  0.97  1055.33  565.19  1290.66   698.29  0.0  14850.0
0  car  0.96   973.08  569.48  1186.18   684.44  0.0  14865.0
0  car  0.95   896.11  563.95  1078.24   669.34  0.0  14880.0
    objects00.frame  objects00.object_id
0               270                    0
1               285                    0
2               300                    0
3               315                    0
4               330                    0
5               345                    0
6               630                    0
7               645                    0
8               660                    0
9               675                    0
10              690                    0
11              705                    0
12              720                    0
13              735                    0
14              750                    0
15              765                    0
16              780                    0
17              795                    0
18              810                    0
19              825                    0
20              840                    0
21              855                    0
22              870                    0
23              885                    0
24              900                    0
25              915                    0
26              930                    0
27              945                    0
28              960                    0
29              975                    0
30              990                    0
31             1005                    0
32             1020                    0
33             1035                    0
34             1050                    0
35             1575                    0
36             1590                    0
37             1605                    0
38             1620                    0
39             1635                    0
40             1650                    0
41             1665                    0
42             1680                    0
43             1680                    1
44             1695                    0
45             1695                    1
46             1710                    0
47             1710                    1
48             1725                    0
49             1725                    1
50             1740                    0
51             1755                    0
52             1770                    0
53             1815                    0
54             1830                    0
55             1845                    0
56             1860                    0
57             1875                    0
58             1890                    0
59             1905                    0
60             1920                    0
61             1950                    0
62             1965                    0
63             1980                    0
64             1995                    0
65             2010                    0
66             2025                    0
67             2040                    0
68             2055                    0
69             2070                    0
70             2085                    0
71             2100                    0
72             2115                    0
73             2130                    0
74             2145                    0
75             2160                    0
76             2175                    0
77             2190                    0
78             2205                    0
79             2220                    0
80             2235                    0
81             2250                    0
82             2265                    0
83             2280                    0
84             2280                    1
85             2295                    0
86             2295                    1
87             2310                    0
88             2310                    1
89             2325                    0
90             2325                    1
91             2340                    0
92             2340                    1
93             2355                    0
94             2355                    1
95             2370                    0
96             2370                    1
97             2385                    0
98             2385                    1
99             2400                    0
------------------
              0     1  2
0          blue   270  0
0          blue   285  0
0          blue   300  0
0  grayish_blue   315  0
0  grayish_blue   330  0
0  grayish_blue   345  0
0         black   630  0
0         black   645  0
0         black   660  0
0  grayish_blue   675  0
0  grayish_blue   690  0
0  grayish_blue   705  0
0  grayish_blue   720  0
0  grayish_blue   735  0
0  grayish_blue   750  0
0  grayish_blue   765  0
0  grayish_blue   780  0
0  grayish_blue   795  0
0  grayish_blue   810  0
0         black   825  0
0         black   840  0
0         black   855  0
0         black   870  0
0         black   885  0
0         black   900  0
0  grayish_blue   915  0
0  grayish_blue   930  0
0  grayish_blue   945  0
0         black   960  0
0  grayish_blue   975  0
0  grayish_blue   990  0
0  grayish_blue  1005  0
0  grayish_blue  1020  0
0  grayish_blue  1035  0
0  grayish_blue  1050  0
0         white  1575  0
0  grayish_blue  1590  0
0         black  1605  0
0         white  1620  0
0         white  1635  0
0         white  1650  0
0         white  1665  0
0         white  1680  0
0         white  1680  1
0         white  1695  0
0         white  1695  1
0         white  1710  0
0         white  1710  1
0         white  1725  0
0         white  1725  1
0         white  1740  0
0         white  1755  0
0         white  1770  0
0         black  1815  0
0         black  1830  0
0         black  1845  0
0  grayish_blue  1860  0
0         black  1875  0
0  grayish_blue  1890  0
0  grayish_blue  1905  0
0  grayish_blue  1920  0
0  grayish_blue  1950  0
0         black  1965  0
0         black  1980  0
0         black  1995  0
0         black  2010  0
0         black  2025  0
0         black  2040  0
0         black  2055  0
0         black  2070  0
0         black  2085  0
0         black  2100  0
0         black  2115  0
0         black  2130  0
0         black  2145  0
0         black  2160  0
0         black  2175  0
0         black  2190  0
0         black  2205  0
0         black  2220  0
0         black  2235  0
0         black  2250  0
0         black  2265  0
0         black  2280  0
0  grayish_blue  2280  1
0         black  2295  0
0         white  2295  1
0         black  2310  0
0  grayish_blue  2310  1
0         black  2325  0
0         white  2325  1
0         black  2340  0
0         white  2340  1
0         black  2355  0
0         white  2355  1
0         black  2370  0
0         white  2370  1
0         black  2385  0
0         white  2385  1
0         black  2400  0
     objects00.frame  objects00.object_id
100             2400                    1
101             2415                    0
102             2415                    1
103             2430                    0
104             2430                    1
105             2445                    0
106             2445                    1
107             2460                    0
108             2460                    1
109             2475                    0
110             2475                    1
111             2490                    0
112             2490                    1
113             2505                    0
114             2505                    1
115             2520                    0
116             2520                    1
117             2535                    0
118             2535                    1
119             2550                    0
120             2550                    1
121             2565                    0
122             2565                    1
123             2580                    0
124             2580                    1
125             2595                    0
126             2595                    1
127             2610                    0
128             2610                    1
129             2625                    0
130             2625                    1
131             2640                    0
132             2640                    1
133             2655                    0
134             2655                    1
135             2670                    0
136             2670                    1
137             2685                    0
138             2685                    1
139             2700                    0
140             2700                    1
141             2715                    0
142             2715                    1
143             2730                    0
144             2730                    1
145             2745                    0
146             2745                    1
147             2745                    2
148             2760                    0
149             2760                    1
150             2760                    2
151             2760                    3
152             2775                    0
153             2775                    1
154             2775                    2
155             2775                    3
156             2790                    0
157             2790                    1
158             2790                    2
159             2790                    3
160             2805                    0
161             2805                    1
162             2805                    2
163             2805                    3
164             2820                    0
165             2820                    1
166             2820                    2
167             2820                    3
168             2835                    0
169             2835                    1
170             2835                    2
171             2835                    3
172             2850                    0
173             2850                    1
174             2850                    2
175             2850                    3
176             2865                    0
177             2865                    1
178             2880                    0
179             2880                    1
180             2880                    2
181             2895                    0
182             2895                    1
183             2895                    2
184             2910                    0
185             2910                    1
186             2910                    2
187             2925                    0
188             2925                    1
189             2925                    2
190             2940                    0
191             2940                    1
192             2955                    0
193             2955                    1
194             2955                    2
195             2970                    0
196             2970                    1
197             2985                    0
198             2985                    1
199             3000                    0
------------------
              0     1  2
0         white  2400  1
0         black  2415  0
0         white  2415  1
0         black  2430  0
0         white  2430  1
0         black  2445  0
0         white  2445  1
0         black  2460  0
0         white  2460  1
0         black  2475  0
0         white  2475  1
0         black  2490  0
0         white  2490  1
0         black  2505  0
0         white  2505  1
0         black  2520  0
0         white  2520  1
0         black  2535  0
0         white  2535  1
0         black  2550  0
0         white  2550  1
0         black  2565  0
0         white  2565  1
0         black  2580  0
0         white  2580  1
0         black  2595  0
0         white  2595  1
0         black  2610  0
0         white  2610  1
0         black  2625  0
0         white  2625  1
0         black  2640  0
0         white  2640  1
0         black  2655  0
0         white  2655  1
0         black  2670  0
0         white  2670  1
0         black  2685  0
0         white  2685  1
0         black  2700  0
0         white  2700  1
0         black  2715  0
0         white  2715  1
0         black  2730  0
0         white  2730  1
0         black  2745  0
0         white  2745  1
0  grayish_blue  2745  2
0         black  2760  0
0         white  2760  1
0         white  2760  2
0         black  2760  3
0  grayish_blue  2775  0
0         white  2775  1
0         black  2775  2
0         white  2775  3
0         black  2790  0
0         white  2790  1
0  grayish_blue  2790  2
0         white  2790  3
0         black  2805  0
0         white  2805  1
0  grayish_blue  2805  2
0         white  2805  3
0         black  2820  0
0         white  2820  1
0  grayish_blue  2820  2
0  grayish_blue  2820  3
0         black  2835  0
0         white  2835  1
0  grayish_blue  2835  2
0         white  2835  3
0         black  2850  0
0         white  2850  1
0  grayish_blue  2850  2
0         white  2850  3
0  grayish_blue  2865  0
0         white  2865  1
0  grayish_blue  2880  0
0  grayish_blue  2880  1
0         white  2880  2
0  grayish_blue  2895  0
0         white  2895  1
0         black  2895  2
0         white  2910  0
0         white  2910  1
0         white  2910  2
0         white  2925  0
0         white  2925  1
0         white  2925  2
0         white  2940  0
0         white  2940  1
0         white  2955  0
0         black  2955  1
0         white  2955  2
0         white  2970  0
0         white  2970  1
0         white  2985  0
0         white  2985  1
0         black  3000  0
     objects00.frame  objects00.object_id
200             3000                    1
201             3000                    2
202             3015                    0
203             3015                    1
204             3015                    2
205             3030                    0
206             3030                    1
207             3030                    2
208             3045                    0
209             3045                    1
210             3045                    2
211             3060                    0
212             3060                    1
213             3075                    0
214             3075                    1
215             3090                    0
216             3090                    1
217             3105                    0
218             3105                    1
219             3120                    0
220             3120                    1
221             3135                    0
222             3135                    1
223             3150                    0
224             3165                    0
225             3180                    0
226             3195                    0
227             3210                    0
228             3225                    0
229             3240                    0
230             3255                    0
231             3270                    0
232             4020                    0
233             4035                    0
234             4050                    0
235             4065                    0
236             4080                    0
237             4095                    0
238             4110                    0
239             4365                    0
240             4380                    0
241             4395                    0
242             4410                    0
243             4425                    0
244             4440                    0
245             4455                    0
246             4470                    0
247             4485                    0
248             4500                    0
249             4515                    0
250             4530                    0
251             4545                    0
252             4560                    0
253             4575                    0
254             4590                    0
255             4605                    0
256             4620                    0
257             4635                    0
258             4650                    0
259             4665                    0
260             4680                    0
261             5235                    0
262             5250                    0
263             5265                    0
264             5280                    0
265             5280                    1
266             5295                    0
267             5295                    1
268             5310                    0
269             5310                    1
270             5325                    0
271             5325                    1
272             5340                    0
273             5340                    1
274             5355                    0
275             5355                    1
276             5370                    0
277             5385                    0
278             5400                    0
279             5415                    0
280             5820                    0
281             5835                    0
282             5850                    0
283             5865                    0
284             5880                    0
285             5895                    0
286             6090                    0
287             6105                    0
288             6120                    0
289             6135                    0
290             6150                    0
291             6165                    0
292             6180                    0
293             6195                    0
294             6210                    0
295             6225                    0
296             6240                    0
297             6255                    0
298             6270                    0
299             6285                    0
------------------
              0     1  2
0         white  3000  1
0         white  3000  2
0         black  3015  0
0         black  3015  1
0         black  3015  2
0         black  3030  0
0         white  3030  1
0         black  3030  2
0         black  3045  0
0         white  3045  1
0         black  3045  2
0         black  3060  0
0         black  3060  1
0         black  3075  0
0         black  3075  1
0         black  3090  0
0         black  3090  1
0         black  3105  0
0         white  3105  1
0         black  3120  0
0         white  3120  1
0         black  3135  0
0         black  3135  1
0         black  3150  0
0         black  3165  0
0         black  3180  0
0  grayish_blue  3195  0
0  grayish_blue  3210  0
0         black  3225  0
0  grayish_blue  3240  0
0  grayish_blue  3255  0
0         black  3270  0
0         white  4020  0
0         white  4035  0
0         white  4050  0
0         white  4065  0
0         white  4080  0
0         white  4095  0
0         white  4110  0
0  grayish_blue  4365  0
0         black  4380  0
0         black  4395  0
0         black  4410  0
0  grayish_blue  4425  0
0  grayish_blue  4440  0
0  grayish_blue  4455  0
0  grayish_blue  4470  0
0  grayish_blue  4485  0
0  grayish_blue  4500  0
0         black  4515  0
0         black  4530  0
0         black  4545  0
0         black  4560  0
0         black  4575  0
0         black  4590  0
0         black  4605  0
0  grayish_blue  4620  0
0  grayish_blue  4635  0
0  grayish_blue  4650  0
0         black  4665  0
0  grayish_blue  4680  0
0         black  5235  0
0         black  5250  0
0         black  5265  0
0         black  5280  0
0         black  5280  1
0         black  5295  0
0  grayish_blue  5295  1
0         black  5310  0
0         black  5310  1
0         black  5325  0
0         black  5325  1
0         black  5340  0
0         black  5340  1
0         black  5355  0
0         black  5355  1
0         black  5370  0
0         black  5385  0
0         black  5400  0
0         black  5415  0
0         black  5820  0
0         black  5835  0
0         black  5850  0
0         black  5865  0
0         black  5880  0
0         black  5895  0
0         black  6090  0
0         black  6105  0
0         black  6120  0
0         black  6135  0
0         black  6150  0
0         black  6165  0
0         black  6180  0
0         black  6195  0
0         black  6210  0
0         black  6225  0
0         black  6240  0
0         black  6255  0
0         black  6270  0
0         black  6285  0
     objects00.frame  objects00.object_id
300             6300                    0
301             6315                    0
302             6330                    0
303             6345                    0
304             6360                    0
305             6375                    0
306             6390                    0
307             6405                    0
308             6420                    0
309             6435                    0
310             6450                    0
311             6450                    1
312             6465                    0
313             6465                    1
314             6480                    0
315             6480                    1
316             6495                    0
317             6495                    1
318             6510                    0
319             6510                    1
320             6525                    0
321             6525                    1
322             6540                    0
323             6540                    1
324             6555                    0
325             6555                    1
326             6555                    2
327             6570                    0
328             6570                    1
329             6585                    0
330             6585                    1
331             6600                    0
332             6600                    1
333             6615                    0
334             6615                    1
335             6630                    0
336             6630                    1
337             6645                    0
338             6645                    1
339             6660                    0
340             6660                    1
341             6675                    0
342             6675                    1
343             6690                    0
344             6705                    0
345             6720                    0
346             6735                    0
347             6750                    0
348             6765                    0
349             6780                    0
350             6795                    0
351             6810                    0
352             6825                    0
353             6840                    0
354             6975                    0
355             6990                    0
356             7005                    0
357             7020                    0
358             7035                    0
359             7050                    0
360             7065                    0
361             7080                    0
362             7095                    0
363             7860                    0
364             7875                    0
365             7890                    0
366             7905                    0
367             7920                    0
368             7935                    0
369             7950                    0
370             7965                    0
371             7980                    0
372             7995                    0
373             8010                    0
374             8025                    0
375             8040                    0
376             8055                    0
377             8070                    0
378             8085                    0
379             8100                    0
380             8115                    0
381             8130                    0
382             8145                    0
383             8160                    0
384             8175                    0
385             8190                    0
386             8205                    0
387             8220                    0
388             8235                    0
389             8250                    0
390             8265                    0
391             8280                    0
392             8295                    0
393             8310                    0
394             8310                    1
395             8325                    0
396             8325                    1
397             8340                    0
398             8340                    1
399             8355                    0
------------------
              0     1  2
0         black  6300  0
0         black  6315  0
0         black  6330  0
0         black  6345  0
0         black  6360  0
0         black  6375  0
0         black  6390  0
0         black  6405  0
0         black  6420  0
0         black  6435  0
0         black  6450  0
0  grayish_blue  6450  1
0         black  6465  0
0  grayish_blue  6465  1
0         black  6480  0
0  grayish_blue  6480  1
0         black  6495  0
0  grayish_blue  6495  1
0         black  6510  0
0  grayish_blue  6510  1
0         black  6525  0
0  grayish_blue  6525  1
0         black  6540  0
0  grayish_blue  6540  1
0         black  6555  0
0         white  6555  1
0  grayish_blue  6555  2
0         black  6570  0
0         white  6570  1
0         black  6585  0
0         black  6585  1
0         black  6600  0
0         white  6600  1
0         black  6615  0
0         white  6615  1
0         black  6630  0
0         black  6630  1
0         black  6645  0
0         white  6645  1
0         black  6660  0
0         white  6660  1
0         black  6675  0
0         white  6675  1
0         black  6690  0
0         black  6705  0
0         black  6720  0
0  grayish_blue  6735  0
0  grayish_blue  6750  0
0  grayish_blue  6765  0
0         black  6780  0
0         black  6795  0
0         black  6810  0
0         black  6825  0
0         black  6840  0
0         black  6975  0
0         black  6990  0
0         black  7005  0
0         black  7020  0
0         black  7035  0
0         black  7050  0
0         black  7065  0
0         black  7080  0
0         black  7095  0
0  grayish_blue  7860  0
0  grayish_blue  7875  0
0  grayish_blue  7890  0
0  grayish_blue  7905  0
0  grayish_blue  7920  0
0  grayish_blue  7935  0
0  grayish_blue  7950  0
0  grayish_blue  7965  0
0  grayish_blue  7980  0
0  grayish_blue  7995  0
0  grayish_blue  8010  0
0  grayish_blue  8025  0
0  grayish_blue  8040  0
0  grayish_blue  8055  0
0  grayish_blue  8070  0
0  grayish_blue  8085  0
0  grayish_blue  8100  0
0  grayish_blue  8115  0
0  grayish_blue  8130  0
0  grayish_blue  8145  0
0  grayish_blue  8160  0
0  grayish_blue  8175  0
0  grayish_blue  8190  0
0  grayish_blue  8205  0
0  grayish_blue  8220  0
0  grayish_blue  8235  0
0  grayish_blue  8250  0
0  grayish_blue  8265  0
0  grayish_blue  8280  0
0         black  8295  0
0         black  8310  0
0         white  8310  1
0         black  8325  0
0         white  8325  1
0         black  8340  0
0         white  8340  1
0         black  8355  0
     objects00.frame  objects00.object_id
400             8355                    1
401             8370                    0
402             8370                    1
403             8370                    2
404             8385                    0
405             8385                    1
406             8385                    2
407             8400                    0
408             8400                    1
409             8400                    2
410             8415                    0
411             8415                    1
412             8415                    2
413             8430                    0
414             8430                    1
415             8445                    0
416             8445                    1
417             8715                    0
418             8730                    0
419             8745                    0
420             8760                    0
421             8775                    0
422             9270                    0
423             9285                    0
424             9285                    1
425             9300                    0
426             9300                    1
427             9315                    0
428             9315                    1
429             9330                    0
430             9345                    0
431             9360                    0
432             9375                    0
433             9720                    0
434             9765                    0
435             9780                    0
436             9810                    0
437             9825                    0
438             9840                    0
439             9855                    0
440             9870                    0
441             9885                    0
442             9900                    0
443             9915                    0
444             9930                    0
445             9945                    0
446             9960                    0
447             9975                    0
448             9990                    0
449            10005                    0
450            10020                    0
451            10035                    0
452            10050                    0
453            10065                    0
454            10080                    0
455            10095                    0
456            10110                    0
457            10125                    0
458            10155                    0
459            10170                    0
460            10185                    0
461            10200                    0
462            10200                    1
463            10215                    0
464            10215                    1
465            10230                    0
466            10230                    1
467            10245                    0
468            10245                    1
469            10260                    0
470            10260                    1
471            10275                    0
472            10275                    1
473            10290                    0
474            10305                    0
475            10320                    0
476            10335                    0
477            10350                    0
478            10365                    0
479            10380                    0
480            10395                    0
481            10410                    0
482            10590                    0
483            10605                    0
484            10620                    0
485            10635                    0
486            10650                    0
487            11100                    0
488            11115                    0
489            11130                    0
490            11145                    0
491            11160                    0
492            11175                    0
493            11190                    0
494            11205                    0
495            11205                    1
496            11220                    0
497            11235                    0
498            11250                    0
499            11265                    0
------------------
              0      1  2
0         white   8355  1
0         black   8370  0
0         white   8370  1
0  grayish_blue   8370  2
0         black   8385  0
0         white   8385  1
0  grayish_blue   8385  2
0         black   8400  0
0  grayish_blue   8400  1
0         white   8400  2
0  grayish_blue   8415  0
0  grayish_blue   8415  1
0  grayish_blue   8415  2
0  grayish_blue   8430  0
0  grayish_blue   8430  1
0  grayish_blue   8445  0
0  grayish_blue   8445  1
0  grayish_blue   8715  0
0  grayish_blue   8730  0
0  grayish_blue   8745  0
0  grayish_blue   8760  0
0  grayish_blue   8775  0
0         black   9270  0
0  grayish_blue   9285  0
0  grayish_blue   9285  1
0  grayish_blue   9300  0
0  grayish_blue   9300  1
0  grayish_blue   9315  0
0  grayish_blue   9315  1
0         white   9330  0
0         white   9345  0
0         white   9360  0
0         white   9375  0
0         black   9720  0
0         black   9765  0
0         black   9780  0
0         black   9810  0
0         black   9825  0
0         black   9840  0
0         black   9855  0
0         black   9870  0
0         black   9885  0
0         black   9900  0
0         black   9915  0
0         black   9930  0
0         black   9945  0
0         black   9960  0
0         black   9975  0
0         black   9990  0
0         black  10005  0
0         black  10020  0
0         black  10035  0
0         black  10050  0
0         black  10065  0
0         black  10080  0
0         black  10095  0
0         black  10110  0
0         black  10125  0
0         black  10155  0
0         black  10170  0
0         black  10185  0
0         black  10200  0
0  grayish_blue  10200  1
0         black  10215  0
0         black  10215  1
0         black  10230  0
0  grayish_blue  10230  1
0         black  10245  0
0         black  10245  1
0         black  10260  0
0  grayish_blue  10260  1
0         black  10275  0
0  grayish_blue  10275  1
0         black  10290  0
0         black  10305  0
0         black  10320  0
0         black  10335  0
0         black  10350  0
0  grayish_blue  10365  0
0  grayish_blue  10380  0
0         black  10395  0
0         black  10410  0
0  grayish_blue  10590  0
0  grayish_blue  10605  0
0  grayish_blue  10620  0
0  grayish_blue  10635  0
0  grayish_blue  10650  0
0         black  11100  0
0  grayish_blue  11115  0
0  grayish_blue  11130  0
0  grayish_blue  11145  0
0         white  11160  0
0         white  11175  0
0         white  11190  0
0         white  11205  0
0         black  11205  1
0         black  11220  0
0  grayish_blue  11235  0
0  grayish_blue  11250  0
0  grayish_blue  11265  0
